[section_sizes]
n_lux_channels=1
n_lux_strips=4
n_lux_spots=1

[lux_channel_0]
uri=127.0.0.1:1365
serial_path=

[lux_strip_0]
address=0x000010
ui_name=strip 0x10
ui_color=#ffff00
max_energy=1.000000
oversample=1
quantize=-1
vertexlist=1.000 1.000 1.00,-1.000 -1.000 1.00

[lux_strip_1]
address=0x000011
ui_name=strip 0x11
ui_color=#ffff00
max_energy=1.000000
oversample=1
quantize=-1
vertexlist=1.000 1.000 1.00,-1.000 -1.000 1.00

[lux_strip_2]
address=0x000012
ui_name=strip 0x12
ui_color=#ffff00
max_energy=1.000000
oversample=1
quantize=-1
vertexlist=1.000 1.000 1.00,-1.000 -1.000 1.00

[lux_strip_3]
address=0x000013
ui_name=strip 0x13
ui_color=#ffff00
max_energy=1.000000
oversample=1
quantize=-1
vertexlist=1.000 1.000 1.00,-1.000 -1.000 1.00

[lux_spot_0]
address=0x000002
ui_name=spot
ui_color=#ff00ff
max_energy=1.000000
oversample=1
vertexlist=1.000 1.000 1.00,-1.000 -1.000 1.00
